           NOMINAL TIMING      EARLY TIMING        LATE TIMING
 mo. yr.  mean +2sig -2sig ap mean +2sig -2sig ap mean +2sig -2sig ap
 BEGIN_DATA
  3 2026   138  157  116   12  111  125   97   10  159  184  133   14
  4 2026   136  154  115   12  109  122   95   10  158  182  132   14
  5 2026   134  152  113   12  107  120   93   10  156  181  130   14
  6 2026   131  150  111   12  106  118   92   10  155  179  129   14
  7 2026   129  147  110   12  104  116   90   10  153  177  128   13
  8 2026   127  144  108   11  102  113   88   10  152  175  127   13
  9 2026   125  141  106   11  100  111   87   10  150  173  125   13
 10 2026   123  139  105   11   98  109   85    9  148  170  124   13
 11 2026   121  136  103   11   96  106   84    9  146  168  122   13
 12 2026   118  133  102   11   95  104   83    9  144  166  121   13
  1 2027   116  131  100   11   93  102   82    9  143  163  120   13
  2 2027   114  128   99   11   92  101   80    9  141  161  118   12
  3 2027   112  126   97   10   90   99   79    9  139  159  117   12
  4 2027   110  124   95   10   89   97   78    9  137  156  115   12
  5 2027   108  121   94   10   87   96   77    9  135  154  114   12
  6 2027   107  119   92   10   86   94   76    9  132  152  112   12
  7 2027   105  117   91   10   85   93   75    8  130  149  111   12
  8 2027   103  114   89   10   83   91   74    8  128  146  109   12
  9 2027   101  112   88   10   82   89   73    8  126  143  107   11
 10 2027    99  110   86    9   81   88   72    8  124  141  106   11
 11 2027    97  107   85    9   80   86   71    8  122  138  104   11
 12 2027    96  105   84    9   79   85   70    8  119  135  103   11
  1 2028    94  103   83    9   78   84   69    8  117  133  101   11
  2 2028    93  102   81    9   77   83   68    8  115  130  100   11
  3 2028    91  100   80    9   76   82   68    8  113  128   98   10
  4 2028    90   98   79    9   75   81   67    8  111  126   96   10
  5 2028    88   97   78    9   74   81   66    8  109  123   95   10
  6 2028    87   95   77    9   74   80   66    8  108  121   93   10
  7 2028    86   94   76    9   73   79   65    8  106  119   92   10
  8 2028    84   92   75    8   72   79   64    8  104  116   90   10
  9 2028    83   90   74    8   71   79   64    8  102  114   89   10
 10 2028    82   89   73    8   71   79   63    8  100  112   87   10
 11 2028    81   87   72    8   70   79   63    8   98  109   86    9
 12 2028    80   86   71    8   70   79   63    8   97  107   85    9
  1 2029    79   85   70    8   69   79   63    8   95  105   84    9
  2 2029    78   84   69    8   69   79   63    8   94  103   82    9
  3 2029    77   83   69    8   68   79   63    8   92  101   81    9
  4 2029    76   82   68    8   68   79   63    8   91   99   80    9
  5 2029    75   81   67    8   68   79   63    8   89   98   79    9
  6 2029    75   81   67    8   68   79   63    8   88   96   78    9
  7 2029    74   80   66    8   68   79   63    8   87   95   77    9
  8 2029    73   79   65    8   68   79   63    8   85   93   76    9
  9 2029    72   79   65    8   68   79   63    8   84   91   75    8
 10 2029    72   79   64    8   68   79   63    8   83   90   74    8
 11 2029    71   79   64    8   68   79   63    8   82   88   73    8
 12 2029    70   79   64    8   68   79   63    8   81   87   72    8
  1 2030    70   79   63    8   68   79   63    8   80   86   71    8
  2 2030    69   79   63    8   68   79   63    8   79   85   70    8
  3 2030    69   80   63    8   68   80   63    8   78   84   69    8
  4 2030    69   80   63    8   68   80   63    8   77   83   69    8
  5 2030    69   80   63    8   68   80   63    8   76   82   68    8
  6 2030    68   80   63    8   68   80   63    8   75   81   67    8
  7 2030    68   80   63    8   68   80   63    8   75   81   67    8
  8 2030    68   80   63    8   68   80   63    8   74   80   66    8
  9 2030    68   80   63    8   68   80   63    8   73   80   66    8
 10 2030    68   80   63    8   69   80   63    8   72   80   65    8
 11 2030    68   80   63    8   70   80   64    8   71   80   65    8
 12 2030    68   80   63    8   72   81   65    8   70   80   64    8
  1 2031    68   80   63    8   74   83   67    8   69   80   64    8
  2 2031    68   80   63    8   76   85   68    8   69   80   63    8
  3 2031    68   80   63    8   79   88   70    8   68   80   63    8
  4 2031    68   80   63    8   83   91   73    8   68   80   63    8
  5 2031    68   80   63    8   86   95   75    8   68   80   63    8
  6 2031    68   80   63    8   89   99   78    9   68   80   63    8
  7 2031    68   80   63    8   92  103   80    9   68   80   63    8
  8 2031    69   80   63    8   96  107   82    9   68   80   63    8
  9 2031    70   80   64    8   99  112   85    9   68   80   63    8
 10 2031    71   80   64    8  102  116   88   10   68   80   63    8
 11 2031    72   81   65    8  106  120   90   10   68   80   63    8
 12 2031    74   82   67    8  109  125   93   10   68   80   63    8
  1 2032    76   83   68    8  113  130   96   10   68   80   63    8
  2 2032    79   86   70    8  117  134   99   11   68   80   63    8
  3 2032    81   88   72    8  120  139  101   11   68   81   63    8
  4 2032    84   92   74    8  124  144  104   11   68   81   63    8
  5 2032    87   95   76    8  127  148  106   11   68   81   63    8
  6 2032    90   99   78    9  130  153  109   12   68   81   63    8
  7 2032    93  104   80    9  134  157  112   12   68   81   63    8
  8 2032    96  108   83    9  137  161  114   12   69   81   63    8
  9 2032   100  112   85    9  140  166  117   12   70   81   64    8
 10 2032   103  117   88   10  143  169  119   13   71   81   65    8
 11 2032   107  122   91   10  146  173  122   13   73   82   66    8
 12 2032   110  126   94   10  149  177  124   13   75   83   68    8
  1 2033   114  131   97   11  152  180  126   13   77   84   69    8
  2 2033   118  135  100   11  155  184  128   13   80   86   71    8
  3 2033   121  140  102   11  157  187  129   14   82   89   72    8
  4 2033   125  145  105   11  159  190  131   14   85   93   74    8
  5 2033   128  150  107   12  161  193  132   14   88   96   76    9
  6 2033   131  154  110   12  163  195  133   14   91  100   78    9
  7 2033   135  158  112   12  165  197  135   14   94  105   80    9
  8 2033   138  163  114   12  166  199  136   14   97  109   83    9
  9 2033   141  167  117   12  168  201  137   15  100  113   86    9
 10 2033   144  171  119   13  169  202  138   15  103  118   88   10
 11 2033   147  174  121   13  170  204  139   15  107  122   91   10
 12 2033   150  178  124   13  171  205  140   15  111  127   94   10
  1 2034   153  181  126   13  172  206  141   15  114  132   97   11
  2 2034   155  185  128   14  172  207  142   15  118  136  100   11
  3 2034   158  188  130   14  173  208  142   15  122  141  102   11
  4 2034   160  191  131   14  173  208  142   15  125  146  105   11
  5 2034   162  194  133   14  174  208  143   15  129  151  108   12
  6 2034   164  197  134   14  173  208  142   15  132  155  110   12
  7 2034   166  199  136   14  173  208  142   15  136  160  112   12
  8 2034   167  201  137   15  173  207  142   15  139  164  115   12
  9 2034   169  202  138   15  172  207  141   15  142  168  117   13
 10 2034   170  204  139   15  172  206  141   15  145  172  120   13
 11 2034   171  205  140   15  171  205  140   15  148  175  122   13
 12 2034   172  206  140   15  170  204  139   15  151  179  124   13
  1 2035   172  207  141   15  169  203  139   15  153  183  126   13
  2 2035   173  208  141   15  168  201  138   15  156  186  128   14
  3 2035   173  209  141   15  167  199  137   15  158  189  130   14
  4 2035   173  209  141   15  165  198  136   14  160  193  131   14
  5 2035   174  209  142   15  164  196  135   14  162  195  133   14
  6 2035   174  209  142   15  162  194  134   14  164  198  134   14
  7 2035   174  209  142   15  161  192  133   14  166  200  135   14
  8 2035   173  209  142   15  159  190  132   14  168  202  137   15
  9 2035   173  208  141   15  158  187  130   14  169  204  138   15
 10 2035   173  207  141   15  156  185  129   14  171  205  139   15
 11 2035   172  206  141   15  154  182  128   13  172  207  140   15
 12 2035   171  205  140   15  152  179  127   13  173  208  141   15
  1 2036   170  204  139   15  150  177  125   13  173  209  142   15
  2 2036   169  202  138   15  148  174  124   13  174  210  142   15
  3 2036   168  201  137   15  146  171  122   13  174  210  142   15
  4 2036   166  199  136   14  144  168  121   13  174  210  142   15
  5 2036   165  197  135   14  142  165  119   13  175  210  143   15
  6 2036   163  195  134   14  139  163  117   12  174  210  142   15
  7 2036   161  193  133   14  137  160  116   12  174  210  142   15
  8 2036   160  191  132   14  135  156  114   12  174  210  142   15
  9 2036   158  188  130   14  133  153  112   12  173  209  142   15
 10 2036   156  185  129   14  131  150  111   12  173  208  141   15
 11 2036   154  183  127   13  129  147  109   12  172  207  141   15
 12 2036   152  180  126   13  126  144  108   11  171  206  140   15
  1 2037   151  178  125   13  124  142  106   11  170  205  139   15
  2 2037   149  175  123   13  122  139  105   11  169  203  139   15
  3 2037   147  172  122   13  120  136  103   11  168  202  138   15
  4 2037   145  169  120   13  118  134  101   11  167  200  137   15
  5 2037   143  166  119   13  116  131  100   11  165  198  136   14
  6 2037   140  164  117   12  115  129   98   11  164  196  135   14
  7 2037   138  161  116   12  113  126   97   10  162  194  134   14
  8 2037   136  157  114   12  111  124   95   10  161  192  133   14
  9 2037   134  154  113   12  109  121   94   10  159  189  131   14
 10 2037   132  151  111   12  107  118   92   10  157  187  130   14
 11 2037   130  148  110   12  105  116   91   10  155  184  128   14
 12 2037   127  145  108   11  103  113   90   10  153  181  127   13
  1 2038   125  142  107   11  102  111   88   10  151  178  125   13
  2 2038   123  139  105   11  100  109   87   10  149  176  124   13
  3 2038   121  137  103   11   98  107   86    9  147  173  122   13
  4 2038   119  134  102   11   97  105   84    9  145  170  121   13
  5 2038   117  131  100   11   95  103   83    9  143  167  119   13
  6 2038   115  129   98   11   94  101   82    9  140  164  117   12
  7 2038   113  126   97   10   93  100   81    9  138  161  116   12
  8 2038   111  124   95   10   91   98   80    9  136  158  114   12
  9 2038   109  121   94   10   90   96   79    9  134  155  113   12
 10 2038   107  118   93   10   89   94   78    9  132  152  111   12
 11 2038   106  116   92   10   88   93   77    9  130  149  110   12
 12 2038   104  113   90   10   87   91   76    9  128  146  108   12
  1 2039   102  111   89   10   86   90   76    9  126  142  107   11
  2 2039   101  109   88   10   85   89   75    9  124  140  105   11
  3 2039    99  107   87   10   85   88   74    9  122  137  103   11
  4 2039    98  105   85    9   84   87   73    8  120  134  102   11
  5 2039    96  103   84    9   83   86   72    8  118  132  100   11
  6 2039    95  101   83    9   82   85   72    8  116  129   99   11
  7 2039    94  100   82    9   81   84   71    8  114  126   97   10
  8 2039    92   98   81    9   80   84   70    8  112  124   96   10
  9 2039    91   96   80    9   79   84   70    8  110  122   94   10
 10 2039    90   94   79    9   79   84   69    8  108  119   93   10
 11 2039    89   93   78    9   78   84   69    8  106  116   92   10
 12 2039    88   91   77    9   77   84   69    8  104  114   91   10
  1 2040    87   90   76    9   77   84   68    8  103  111   89   10
  2 2040    86   89   75    9   76   84   68    8  101  109   88   10
  3 2040    85   88   74    9   76   85   67    8   99  107   87   10
  4 2040    84   87   73    8   75   85   67    8   98  105   85    9
  5 2040    83   86   72    8   75   85   67    8   96  103   84    9
  6 2040    82   85   72    8   75   85   66    8   95  101   83    9
  7 2040    81   85   71    8   74   85   66    8   94  100   82    9
  8 2040    80   85   71    8   74   85   66    8   92   98   81    9
  9 2040    80   85   70    8   74   85   66    8   91   96   80    9
 10 2040    79   85   70    8   74   85   66    8   90   94   79    9
 11 2040    79   85   70    8   74   85   66    8   89   93   78    9
 12 2040    78   85   69    8   73   85   66    8   88   91   78    9
  1 2041    78   85   69    8   73   85   66    8   87   90   77    9
  2 2041    77   85   69    8   73   85   66    8   87   89   76    9
  3 2041    77   85   68    8   73   85   65    8   86   88   75    9
  4 2041    76   85   68    8   73   85   65    8   85   87   74    9
  5 2041    76   85   68    8   73   85   65    8   84   86   73    8
  6 2041    76   85   67    8   72   85   65    8   83   85   73    8
  7 2041    75   85   67    8   72   85   65    8   82   85   72    8
  8 2041    75   85   67    8   72   85   65    8   81   85   71    8
  9 2041    75   85   67    8   72   85   65    8   80   85   71    8
 10 2041    74   85   66    8   73   85   66    8   78   85   69    8
 11 2041    73   85   66    8   75   85   67    8   76   85   68    8
 12 2041    73   85   65    8   77   86   68    8   74   85   67    8
  1 2042    72   85   65    8   80   87   70    8   72   85   66    8
  2 2042    72   85   65    8   83   89   72    8   71   85   65    8
  3 2042    72   86   64    8   86   91   74    9   70   86   64    8
  4 2042    71   86   64    8   90   95   77    9   68   86   63    8
  5 2042    72   86   65    8   93   98   79    9   69   86   63    8
  6 2042    72   86   65    8   96  103   81    9   69   86   63    8
  7 2042    73   86   66    8   99  107   83    9   70   86   63    8
  8 2042    74   86   66    8  102  112   86   10   70   86   63    8
  9 2042    75   86   67    8  105  116   88   10   70   86   63    8
 10 2042    77   86   68    8  109  121   91   10   71   86   64    8
 11 2042    79   86   69    8  112  126   94   10   71   86   64    8
 12 2042    81   86   71    8  116  131   97   11   71   86   64    8
  1 2043    83   87   72    8  120  136   99   11   71   86   64    8
  2 2043    85   89   74    8  123  141  102   11   72   86   65    8
  3 2043    88   91   76    9  127  146  105   11   72   86   65    8
  4 2043    91   94   78    9  131  151  107   12   72   86   65    8
  5 2043    94   98   80    9  134  156  110   12   73   86   66    8
  6 2043    97  103   82    9  137  161  112   12   73   86   66    8
  7 2043   100  107   84    9  141  166  114   12   74   86   66    8
  8 2043   103  112   86   10  144  170  117   13   75   86   67    8
  9 2043   106  117   89   10  147  175  119   13   76   86   68    8
 10 2043   109  122   92   10  150  179  121   13   78   86   69    8
 11 2043   113  126   94   10  153  183  124   13   79   86   70    8
 12 2043   116  131   97   11  156  186  126   14   81   87   71    8
  1 2044   120  136   99   11  158  190  128   14   83   88   72    8
  2 2044   124  141  102   11  161  194  129   14   86   89   74    8
  3 2044   127  146  104   11  163  197  131   14   88   92   76    9
  4 2044   131  152  107   12  165  201  132   14   91   95   77    9
  5 2044   134  157  109   12  167  203  134   14   94   98   79    9
  6 2044   137  162  112   12  169  206  135   15   97  103   82    9
  7 2044   141  166  114   12  171  208  136   15  100  107   84    9
  8 2044   144  171  116   13  172  210  137   15  103  112   86   10
  9 2044   147  175  119   13  174  212  138   15  106  117   89   10
 10 2044   150  179  121   13  175  214  139   15  109  122   91   10
 11 2044   153  183  123   13  176  215  140   15  113  126   94   10
 12 2044   156  187  125   14  177  217  141   15  116  131   97   11
  1 2045   158  191  127   14  177  218  142   15  120  136   99   11
  2 2045   161  195  129   14  178  219  142   16  124  141  102   11
  3 2045   163  198  131   14  178  219  142   16  127  146  104   11
  4 2045   165  202  132   14  179  219  143   16  131  152  107   12
  5 2045   168  204  134   14  179  219  143   16  134  157  109   12
  6 2045   170  207  135   15  179  219  143   16  138  162  112   12
  7 2045   171  209  136   15  179  219  143   16  141  166  114   12
  8 2045   173  211  138   15  179  218  143   16  145  171  117   13
  9 2045   175  213  139   15  178  218  142   16  148  175  119   13
 10 2045   176  215  140   15  178  216  142   15  151  179  122   13
 11 2045   177  216  141   15  177  215  141   15  154  183  124   13
 12 2045   178  217  141   15  176  214  141   15  157  187  126   14
  1 2046   178  218  142   16  175  213  140   15  159  191  128   14
  2 2046   179  219  142   16  174  211  139   15  162  195  129   14
  3 2046   179  220  142   16  173  209  138   15  164  199  131   14
  4 2046   179  220  142   16  171  208  137   15  166  202  132   14
  5 2046   180  220  143   16  170  206  136   15  168  205  134   14
  6 2046   179  220  142   16  168  204  135   15  170  208  135   15
  7 2046   179  220  142   16  166  201  134   14  172  210  136   15
  8 2046   179  219  142   16  165  199  133   14  173  212  137   15
  9 2046   178  219  142   16  163  196  131   14  175  214  138   15
 10 2046   178  217  141   15  161  193  130   14  176  216  139   15
 11 2046   177  216  141   15  159  190  128   14  177  217  140   15
 12 2046   176  215  140   15  157  187  127   14  178  218  141   15
  1 2047   175  213  139   15  155  184  126   13  178  219  142   16
  2 2047   174  212  138   15  153  181  124   13  179  220  142   16
  3 2047   173  210  137   15  151  177  123   13  179  220  142   16
  4 2047   171  208  136   15  149  174  121   13  179  220  142   16
  5 2047   170  206  135   15  147  171  120   13  180  220  143   16
  6 2047   168  204  134   15  144  168  118   13  179  220  142   16
  7 2047   166  201  133   14  142  165  117   13  179  220  142   16
  8 2047   165  199  132   14  140  161  115   12  179  220  142   16
  9 2047   163  196  131   14  138  158  113   12  178  219  142   16
 10 2047   161  193  130   14  136  155  112   12  178  218  141   15
 11 2047   159  190  128   14  134  151  110   12  177  217  141   15
 12 2047   157  187  127   14  131  148  109   12  176  216  140   15
  1 2048   155  184  125   14  129  145  108   12  175  214  139   15
  2 2048   153  181  124   13  127  141  106   12  174  213  139   15
  3 2048   151  177  123   13  125  139  104   11  173  211  138   15
  4 2048   149  174  121   13  123  135  103   11  172  209  137   15
  5 2048   147  171  120   13  121  133  101   11  170  207  136   15
  6 2048   145  168  118   13  119  130  100   11  169  205  135   15
  7 2048   143  165  117   13  118  127   98   11  167  202  134   15
  8 2048   141  161  115   12  116  124   97   11  166  200  133   14
  9 2048   139  158  114   12  114  121   95   11  164  197  131   14
 10 2048   137  155  112   12  112  118   94   10  162  193  130   14
 11 2048   135  151  111   12  110  116   93   10  160  190  128   14
 12 2048   132  148  109   12  108  113   92   10  158  187  127   14
  1 2049   130  144  108   12  107  111   90   10  156  184  126   14
  2 2049   128  141  106   12  105  108   89   10  154  181  124   13
  3 2049   126  138  104   11  103  106   88   10  152  177  123   13
  4 2049   124  135  103   11  102  104   86   10  150  174  121   13
  5 2049   122  132  101   11  100  102   85   10  148  171  120   13
  6 2049   120  129   99   11   99  100   84   10  145  168  118   13
  7 2049   118  127   98   11   98   99   83    9  143  165  117   13
  8 2049   116  124   96   11   96   97   82    9  141  161  115   12
  9 2049   114  121   95   11   95   96   81    9  139  158  113   12
 10 2049   112  118   94   10   94   95   80    9  137  155  112   12
 11 2049   110  116   93   10   93   94   79    9  135  151  110   12
 12 2049   108  113   91   10   92   93   78    9  132  148  109   12
  1 2050   107  110   90   10   91   92   77    9  130  144  107   12
  2 2050   105  108   89   10   90   91   76    9  128  141  106   12
  3 2050   103  106   88   10   89   90   75    9  126  138  104   11
  4 2050   102  103   86   10   88   90   74    9  124  135  103   11
  5 2050   100  101   85   10   87   90   74    9  122  132  101   11
  6 2050    99  100   84   10   86   90   73    9  120  129   99   11
  7 2050    98   99   83    9   85   90   72    9  118  127   98   11
  8 2050    96   97   82    9   84   90   72    9  116  124   96   11
  9 2050    95   96   81    9   83   90   71    9  114  121   95   11
 10 2050    94   95   80    9   83   90   71    8  112  118   94   10
 11 2050    93   94   79    9   82   90   71    8  110  115   92   10
 12 2050    92   93   78    9   81   90   70    8  108  112   91   10
  1 2051    91   92   77    9   81   90   70    8  107  110   90   10
  2 2051    90   91   76    9   80   90   70    8  105  107   88   10
  3 2051    89   90   75    9   80   90   69    8  103  105   87   10
  4 2051    88   90   74    9   79   90   69    8  102  103   86   10
  5 2051    87   90   74    9   79   90   69    8  101  102   85   10
  6 2051    86   90   73    9   79   90   68    8   99  100   84   10
  7 2051    85   90   72    9   79   90   68    8   98   99   83   10
  8 2051    85   90   72    9   78   90   68    8   97   98   82    9
  9 2051    84   90   72    9   78   90   68    8   96   97   81    9
 10 2051    83   90   71    9   78   90   68    8   95   96   80    9
 11 2051    83   90   71    9   78   90   67    8   94   95   80    9
 12 2051    82   90   71    8   78   90   67    8   93   94   79    9
  1 2052    82   90   70    8   77   90   67    8   92   93   78    9
  2 2052    81   90   70    8   77   90   67    8   91   92   77    9
  3 2052    81   91   69    8   77   91   67    8   90   91   76    9
  4 2052    80   91   69    8   77   91   67    8   89   91   75    9
  5 2052    80   91   69    8   77   91   67    8   88   91   74    9
  6 2052    80   91   68    8   76   91   66    8   87   91   74    9
  7 2052    79   91   68    8   76   91   66    8   86   91   73    9
  8 2052    79   91   68    8   76   91   66    8   85   91   72    9
  9 2052    79   91   68    8   76   91   66    8   84   91   72    9
 10 2052    78   91   67    8   77   91   67    8   82   91   70    8
 11 2052    77   91   67    8   79   91   68    8   79   91   69    8
 12 2052    77   91   66    8   81   91   69    8   77   91   67    8
  1 2053    76   91   66    8   84   91   71    8   75   91   66    8
  2 2053    76   91   66    8   87   91   73    8   74   91   65    8
  3 2053    76   91   65    8   90   92   75    9   73   91   64    8
  4 2053    75   91   65    8   94   95   78    9   71   91   64    8
  5 2053    76   91   66    8   97   98   79    9   72   91   64    8
  6 2053    76   91   66    8  100  101   82    9   73   91   64    8
  7 2053    77   91   67    8  103  105   84   10   74   91   64    8
  8 2053    78   91   67    8  106  110   86   10   74   91   65    8
  9 2053    79   91   68    8  109  115   89   10   74   91   65    8
 10 2053    81   91   69    8  112  121   91   10   74   91   65    8
 11 2053    82   91   70    8  116  126   94   11   75   91   65    8
 12 2053    84   91   71    8  119  131   96   11   75   91   65    8
  1 2054    86   91   73    8  123  136   99   11   75   91   65    8
  2 2054    89   92   74    9  127  142  101   11   75   91   65    8
  3 2054    91   93   76    9  130  147  104   12   75   92   65    8
  4 2054    94   95   77    9  134  153  106   12   75   92   65    8
  5 2054    97   98   79    9  137  158  108   12   76   92   66    8
  6 2054   100  101   81    9  140  164  111   12   76   92   66    8
  7 2054   103  105   83   10  144  169  113   13   77   92   66    8
  8 2054   106  110   86   10  147  174  115   13   78   92   67    8
  9 2054   109  115   88   10  150  178  118   13   79   92   68    8
 10 2054   112  120   91   10  153  183  120   13   81   92   69    8
 11 2054   116  126   93   11  156  187  122   14   82   92   70    8
 12 2054   119  131   96   11  159  191  124   14   84   92   71    8
  1 2055   123  136   98   11  161  195  126   14   86   92   72    8
  2 2055   127  142  101   11  164  199  128   14   89   92   74    9
  3 2055   130  147  103   12  166  203  129   14   91   93   75    9
  4 2055   134  153  106   12  168  207  130   14   94   95   77    9
  5 2055   137  158  108   12  170  210  132   15   97   98   79    9
  6 2055   140  164  110   12  172  212  133   15  100  101   81    9
  7 2055   144  168  113   13  174  215  134   15  103  105   84   10
  8 2055   147  173  115   13  176  216  135   15  106  110   86   10
  9 2055   150  178  117   13  177  218  136   15  110  115   89   10
 10 2055   153  182  120   13  178  220  137   15  113  120   91   10
 11 2055   156  187  122   14  180  221  138   15  117  125   94   11
 12 2055   159  191  124   14  181  223  139   16  120  130   97   11
  1 2056   162  195  126   14  181  224  140   16  124  136   99   11
  2 2056   165  199  128   14  182  224  140   16  128  141  102   11
  3 2056   167  202  129   14  182  225  140   16  131  147  104   12
 END_DATA