0
0.0302344000000000
0.0604687900000000
0.0907031900000000
0.120937590000000
0.151171990000000
0.181406380000000
0.211640780000000
0.241875180000000
0.272109570000000
0.302343970000000
0.332578370000000
0.362812770000000
0.393047160000000
0.423281560000000
0.453515960000000
0.483750350000000
0.513984750000000
0.544219150000000
0.574453550000000
0.604687940000000
0.634922340000000
0.665156740000000
0.695391130000000
0.725625530000000
0.755859930000000
0.786094330000000
0.816328720000000
0.846563120000000
0.876797520000000
0.907031920000000
0.937266310000000
0.967500710000000
0.997735110000000
1.02796950000000
1.05820390000000
1.08843830000000
1.11867270000000
1.14890709000000
1.17914149000000
1.20937589000000
1.23961028000000
1.26984468000000
1.30007908000000
1.33031348000000
1.36054787000000
1.39078227000000
1.42101667000000
1.45125106000000
1.48148546000000
1.51171986000000
1.54195426000000
1.57218865000000
1.60242305000000
1.63265745000000
1.66289184000000
1.69312624000000
1.72336064000000
1.75359504000000
1.78382943000000
1.81406383000000
1.84429823000000
1.87453262000000
1.90476702000000
1.93500142000000
1.96523582000000
1.99547021000000
2.02570461000000
2.05593901000000
2.08617340000000
2.11640780000000
2.14664220000000
2.17687660000000
2.20711099000000
2.23734539000000
2.26757979000000
2.29781419000000
2.32804858000000
2.35828298000000
2.38851738000000
2.41875177000000
2.44898617000000
2.47922057000000
2.50945497000000
2.53968936000000
2.56992376000000
2.60015816000000
2.63039255000000
2.66062695000000
2.69086135000000
2.72109575000000
2.75133014000000
2.78156454000000
2.81179894000000
2.84203333000000
2.87226773000000
2.90250213000000
2.93273653000000
2.96297092000000
2.99320532000000
3.02343972000000
3.05367411000000
3.08390851000000
3.11414291000000
3.14437731000000
3.17461170000000
3.20484610000000
3.23508050000000
3.26531489000000
3.29554929000000
3.32578369000000
3.35601809000000
3.38625248000000
3.41648688000000
3.44672128000000
3.47695567000000
3.50719007000000
3.53742447000000
3.56765887000000
3.59789326000000
3.62812766000000
3.65836206000000
3.68859646000000
3.71883085000000
3.74906525000000
3.77929965000000
3.80953404000000
3.83976844000000
3.87000284000000
3.90023724000000
3.93047163000000
3.96070603000000
3.99094043000000
4.02117482000000
4.05140922000000
4.08164362000000
4.11187802000000
4.14211241000000
4.17234681000000
4.20258121000000
4.23281560000000
4.26305000000000
4.29328440000000
4.32351880000000
4.35375319000000
4.38398759000000
4.41422199000000
4.44445638000000
4.47469078000000
4.50492518000000
