1.07730946000000	0	0	0	-0.469737630000000	0	1.50000000000000
1.07630057000000	-0.0141457500000000	0	-0.0665781400000000	-0.464140850000000	0	1.50000000000000
1.07330273000000	-0.0279553200000000	0	-0.131260140000000	-0.447572070000000	0	1.50000000000000
1.06840034000000	-0.0411056100000000	0	-0.192287370000000	-0.420666450000000	0	1.50000000000000
1.06172752000000	-0.0532980200000000	0	-0.248147210000000	-0.384392100000000	0	1.50000000000000
1.05345952000000	-0.0642668900000000	0	-0.297633690000000	-0.339941100000000	0	1.50000000000000
1.04380326000000	-0.0737845900000000	0	-0.339857950000000	-0.288618720000000	0	1.50000000000000
1.03298806000000	-0.0816634500000000	0	-0.374218000000000	-0.231751530000000	0	1.50000000000000
1.02125779000000	-0.0877554300000000	0	-0.400344170000000	-0.170625800000000	0	1.50000000000000
1.00886476000000	-0.0919503500000000	0	-0.418037110000000	-0.106457770000000	0	1.50000000000000
0.996065480000000	-0.0941736900000000	0	-0.427209740000000	-0.0403915200000000	0	1.50000000000000
0.983117990000000	-0.0943846400000000	0	-0.427841520000000	0.0264824400000000	0	1.50000000000000
0.970280330000000	-0.0925749600000000	0	-0.419949030000000	0.0930947400000000	0	1.50000000000000
0.957809660000000	-0.0887689000000000	0	-0.403575310000000	0.158357290000000	0	1.50000000000000
0.945961310000000	-0.0830244300000000	0	-0.378800050000000	0.221122130000000	0	1.50000000000000
0.934987290000000	-0.0754355700000000	0	-0.345772520000000	0.280146410000000	0	1.50000000000000
0.925133330000000	-0.0661356500000000	0	-0.304767620000000	0.334073670000000	0	1.50000000000000
0.916634050000000	-0.0553006000000000	0	-0.256261570000000	0.381444340000000	0	1.50000000000000
0.909705540000000	-0.0431514700000000	0	-0.201016250000000	0.420749310000000	0	1.50000000000000
0.904535620000000	-0.0299544000000000	0	-0.140149360000000	0.450535330000000	0	1.50000000000000
0.901272540000000	-0.0160167600000000	0	-0.0751605400000000	0.469556110000000	0	1.50000000000000
0.900013820000000	-0.00167835000000000	0	-0.00788526000000000	0.476941870000000	0	1.50000000000000
0.900798190000000	0.0127022700000000	0	0.0596333300000000	0.472336150000000	0	1.50000000000000
0.903601400000000	0.0267644600000000	0	0.125328440000000	0.455962900000000	0	1.50000000000000
0.908339040000000	0.0401627200000000	0	0.187302330000000	0.428582360000000	0	1.50000000000000
0.914873730000000	0.0525811400000000	0	0.243969940000000	0.391368090000000	0	1.50000000000000
0.923025840000000	0.0637434500000000	0	0.294124690000000	0.345739950000000	0	1.50000000000000
0.932584900000000	0.0734180200000000	0	0.336927180000000	0.293205380000000	0	1.50000000000000
0.943319860000000	0.0814185500000000	0	0.371842070000000	0.235242110000000	0	1.50000000000000
0.954987030000000	0.0876020900000000	0	0.398554930000000	0.173232910000000	0	1.50000000000000
0.967335570000000	0.0918657800000000	0	0.416893110000000	0.108446200000000	0	1.50000000000000
0.980110710000000	0.0941435000000000	0	0.426764500000000	0.0420493600000000	0	1.50000000000000
0.993055660000000	0.0944033000000000	0	0.428119240000000	-0.0248591800000000	0	1.50000000000000
1.00591250000000	0.0926459200000000	0	0.420934410000000	-0.0912094200000000	0	1.50000000000000
1.01842307000000	0.0889045000000000	0	0.405219900000000	-0.155919040000000	0	1.50000000000000
1.03033034000000	0.0832455700000000	0	0.381043770000000	-0.217858690000000	0	1.50000000000000
1.04138070000000	0.0757708200000000	0	0.348574470000000	-0.275829610000000	0	1.50000000000000
1.05132784000000	0.0666192800000000	0	0.308136370000000	-0.328560290000000	0	1.50000000000000
1.05993840000000	0.0559693000000000	0	0.260272060000000	-0.374729240000000	0	1.50000000000000
1.06699948000000	0.0440392900000000	0	0.205799820000000	-0.413019070000000	0	1.50000000000000
1.07232756000000	0.0310863900000000	0	0.145850880000000	-0.442201800000000	0	1.50000000000000
1.07577817000000	0.0174021500000000	0	0.0818700800000000	-0.461247030000000	0	1.50000000000000
1.07725601000000	0.00330139000000000	-2.72000000000000e-06	0.0155642500000000	-0.469422220000000	4.69000000000000e-06	1.50000000000000
1.11805369000000	-0.116720410000000	-0.0848286700000000	-0.0926090700000000	-0.0983366100000000	0.155632050000000	1.50000000000000
1.11523171000000	-0.119532680000000	-0.0800312000000000	-0.0939116000000000	-0.0878710400000000	0.161493580000000	1.50000000000000
1.11237710000000	-0.122025760000000	-0.0750622700000000	-0.0948596200000000	-0.0769761600000000	0.167166790000000	1.50000000000000
1.10949936000000	-0.124183160000000	-0.0699249600000000	-0.0954409500000000	-0.0656661800000000	0.172628570000000	1.50000000000000
1.10660968000000	-0.125992340000000	-0.0646259600000000	-0.0956473800000000	-0.0539420000000000	0.177858840000000	1.50000000000000
1.10371953000000	-0.127440790000000	-0.0591726100000000	-0.0954717100000000	-0.0418035600000000	0.182835010000000	1.50000000000000
1.10084054000000	-0.128515970000000	-0.0535729700000000	-0.0949079300000000	-0.0292498300000000	0.187531530000000	1.50000000000000
1.09798452000000	-0.129205290000000	-0.0478359200000000	-0.0939513100000000	-0.0162787000000000	0.191919410000000	1.50000000000000
1.09516340000000	-0.129496080000000	-0.0419712700000000	-0.0925986800000000	-0.00288708000000000	0.195965570000000	1.50000000000000
1.09238919000000	-0.129375590000000	-0.0359899400000000	-0.0908486400000000	0.0109290500000000	0.199632150000000	1.50000000000000
1.08967390000000	-0.128830890000000	-0.0299040200000000	-0.0887019400000000	0.0251744800000000	0.202875700000000	1.50000000000000
1.08702946000000	-0.127848940000000	-0.0237270500000000	-0.0861618200000000	0.0398543700000000	0.205646220000000	1.50000000000000
1.08446770000000	-0.126416510000000	-0.0174741800000000	-0.0832345300000000	0.0549737700000000	0.207886060000000	1.50000000000000
1.08200017000000	-0.124520270000000	-0.0111624400000000	-0.0799298700000000	0.0705368200000000	0.209528660000000	1.50000000000000
1.07963810000000	-0.122146750000000	-0.00481103000000000	-0.0762619400000000	0.0865455200000000	0.210497250000000	1.50000000000000
1.07739218000000	-0.119282490000000	0.00155839000000000	-0.0722498700000000	0.102998100000000	0.210703340000000	1.50000000000000
1.07527245000000	-0.115914180000000	0.00792124000000000	-0.0679187300000000	0.119886640000000	0.210045310000000	1.50000000000000
1.07328811000000	-0.112028860000000	0.0142497000000000	-0.0633004900000000	0.137193930000000	0.208407050000000	1.50000000000000
1.07144724000000	-0.107614310000000	0.0205121600000000	-0.0584349800000000	0.154889220000000	0.205657020000000	1.50000000000000
1.06975662000000	-0.102659490000000	0.0266728400000000	-0.0533707500000000	0.172922750000000	0.201647960000000	1.50000000000000
1.06822140000000	-0.0971552300000000	0.0326912500000000	-0.0481656400000000	0.191218900000000	0.196217900000000	1.50000000000000
1.06684485000000	-0.0910951500000000	0.0385218300000000	-0.0428868400000000	0.209667910000000	0.189193050000000	1.50000000000000
1.06562807000000	-0.0844768400000000	0.0441136500000000	-0.0376099700000000	0.228116510000000	0.180393580000000	1.50000000000000
1.06456977000000	-0.0773032800000000	0.0494103500000000	-0.0324169600000000	0.246358160000000	0.169643280000000	1.50000000000000
1.06366616000000	-0.0695846200000000	0.0543505100000000	-0.0273919900000000	0.264124440000000	0.156784200000000	1.50000000000000
1.06291091000000	-0.0613401300000000	0.0588684300000000	-0.0226153200000000	0.281079850000000	0.141696640000000	1.50000000000000
1.06229544000000	-0.0526002400000000	0.0628956800000000	-0.0181550400000000	0.296823280000000	0.124324200000000	1.50000000000000
1.06180943000000	-0.0434083700000000	0.0663634400000000	-0.0140571300000000	0.310899710000000	0.104701670000000	1.50000000000000
1.06144162000000	-0.0338221900000000	0.0692056700000000	-0.0103355600000000	0.322825260000000	0.0829812400000000	1.50000000000000
1.06118091000000	-0.0239139900000000	0.0713629300000000	-0.00696464000000000	0.332126110000000	0.0594505000000000	1.50000000000000
1.06101762000000	-0.0137696100000000	0.0727865900000000	-0.00387643000000000	0.338388060000000	0.0345348300000000	1.50000000000000
1.06094471000000	-0.00348582000000000	0.0734427400000000	-0.000965460000000000	0.341308500000000	0.00877857000000000	1.50000000000000
1.06095877000000	0.00683368000000000	0.0733152400000000	0.00189883000000000	0.340739410000000	-0.0171958600000000	1.50000000000000
1.06106046000000	0.0170833600000000	0.0724072500000000	0.00485384000000000	0.336709860000000	-0.0427449400000000	1.50000000000000
1.06125445000000	0.0271612400000000	0.0707409100000000	0.00802383000000000	0.329421610000000	-0.0672657400000000	1.50000000000000
1.06154878000000	0.0369736800000000	0.0683553000000000	0.0115031700000000	0.319219000000000	-0.0902489000000000	1.50000000000000
1.06195371000000	0.0464390500000000	0.0653030400000000	0.0153461900000000	0.306541590000000	-0.111312830000000	1.50000000000000
1.06248055000000	0.0554897800000000	0.0616461700000000	0.0195650800000000	0.291871580000000	-0.130215160000000	1.50000000000000
1.06314034000000	0.0640729100000000	0.0574520300000000	0.0241344400000000	0.275687070000000	-0.146844440000000	1.50000000000000
1.06394292000000	0.0721494200000000	0.0527896200000000	0.0289999800000000	0.258427570000000	-0.161198620000000	1.50000000000000
1.06489618000000	0.0796927200000000	0.0477266900000000	0.0340886300000000	0.240473550000000	-0.173357610000000	1.50000000000000
1.06600564000000	0.0866867400000000	0.0423276800000000	0.0393180700000000	0.222138460000000	-0.183456020000000	1.50000000000000
1.06727427000000	0.0931238500000000	0.0366524300000000	0.0446042900000000	0.203669840000000	-0.191659640000000	1.50000000000000
1.06870257000000	0.0990029800000000	0.0307555400000000	0.0498670800000000	0.185255910000000	-0.198147150000000	1.50000000000000
1.07028869000000	0.104328010000000	0.0246861900000000	0.0550333800000000	0.167034760000000	-0.203097280000000	1.50000000000000
1.07202874000000	0.109106320000000	0.0184882600000000	0.0600389900000000	0.149104120000000	-0.206680470000000	1.50000000000000
1.07391700000000	0.113347760000000	0.0122006500000000	0.0648291100000000	0.131530370000000	-0.209054130000000	1.50000000000000
1.07594624000000	0.117063840000000	0.00585775000000000	0.0693581200000000	0.114356420000000	-0.210360450000000	1.50000000000000
1.07810799000000	0.120267050000000	-0.000510120000000000	0.0735888200000000	0.0976080700000000	-0.210725920000000	1.50000000000000
1.08039277000000	0.122970510000000	-0.00687623000000000	0.0774916000000000	0.0812991000000000	-0.210261800000000	1.50000000000000
1.08279028000000	0.125187590000000	-0.0132170100000000	0.0810434100000000	0.0654351300000000	-0.209065280000000	1.50000000000000
1.08528965000000	0.126931780000000	-0.0195116300000000	0.0842268600000000	0.0500164800000000	-0.207220900000000	1.50000000000000
1.08787954000000	0.128216490000000	-0.0257416200000000	0.0870293400000000	0.0350402900000000	-0.204801940000000	1.50000000000000
1.09054828000000	0.129055040000000	-0.0318906100000000	0.0894422500000000	0.0205020300000000	-0.201871920000000	1.50000000000000
1.09328402000000	0.129460590000000	-0.0379439800000000	0.0914603900000000	0.00639654000000000	-0.198485880000000	1.50000000000000
1.09607478000000	0.129446140000000	-0.0438886900000000	0.0930813700000000	-0.00728128000000000	-0.194691590000000	1.50000000000000
1.09890854000000	0.129024560000000	-0.0497130500000000	0.0943051800000000	-0.0205359800000000	-0.190530580000000	1.50000000000000
1.10177332000000	0.128208580000000	-0.0554065200000000	0.0951338400000000	-0.0333713000000000	-0.186039070000000	1.50000000000000
1.10465722000000	0.127010830000000	-0.0609596000000000	0.0955710300000000	-0.0457900200000000	-0.181248750000000	1.50000000000000
1.10754849000000	0.125443890000000	-0.0663636800000000	0.0956219200000000	-0.0577938900000000	-0.176187430000000	1.50000000000000
1.11043553000000	0.123520280000000	-0.0716109600000000	0.0952929300000000	-0.0693836300000000	-0.170879640000000	1.50000000000000
1.11330698000000	0.121252520000000	-0.0766943100000000	0.0945916100000000	-0.0805589800000000	-0.165347130000000	1.50000000000000
1.11615171000000	0.118653160000000	-0.0816072300000000	0.0935264500000000	-0.0913187600000000	-0.159609230000000	1.50000000000000
1.11895884000000	0.115734800000000	-0.0863437900000000	0.0921068600000000	-0.101660950000000	-0.153683230000000	1.50000000000000
1.12171783000000	0.112510090000000	-0.0908985300000000	0.0903430400000000	-0.111582790000000	-0.147584690000000	1.50000000000000
1.12441842000000	0.108991790000000	-0.0952664600000000	0.0882459200000000	-0.121080890000000	-0.141327680000000	1.50000000000000
1.12705071000000	0.105192780000000	-0.0994429800000000	0.0858271300000000	-0.130151330000000	-0.134924990000000	1.50000000000000
1.12960516000000	0.101126050000000	-0.103423860000000	0.0830989400000000	-0.138789700000000	-0.128388300000000	1.50000000000000
1.13207261000000	0.0968047400000000	-0.107205220000000	0.0800742200000000	-0.146991300000000	-0.121728380000000	1.50000000000000
1.13444430000000	0.0922421200000000	-0.110783490000000	0.0767664200000000	-0.154751130000000	-0.114955170000000	1.50000000000000
1.13671187000000	0.0874516300000000	-0.114155370000000	0.0731895400000000	-0.162064050000000	-0.108077930000000	1.50000000000000
1.13886742000000	0.0824468600000000	-0.117317870000000	0.0693580900000000	-0.168924800000000	-0.101105340000000	1.50000000000000
1.14090346000000	0.0772415600000000	-0.120268210000000	0.0652871000000000	-0.175328150000000	-0.0940455700000000	1.50000000000000
1.14281299000000	0.0718496400000000	-0.123003890000000	0.0609920300000000	-0.181268890000000	-0.0869063300000000	1.50000000000000
1.14458948000000	0.0662851600000000	-0.125522610000000	0.0564888200000000	-0.186741980000000	-0.0796950100000000	1.50000000000000
1.14622687000000	0.0605623400000000	-0.127822300000000	0.0517938000000000	-0.191742530000000	-0.0724186300000000	1.50000000000000
1.14771962000000	0.0546955300000000	-0.129901090000000	0.0469236900000000	-0.196265940000000	-0.0650839900000000	1.50000000000000
1.14906270000000	0.0486992200000000	-0.131757330000000	0.0418956000000000	-0.200307870000000	-0.0576976400000000	1.50000000000000
1.15025158000000	0.0425880400000000	-0.133389540000000	0.0367269100000000	-0.203864360000000	-0.0502659400000000	1.50000000000000
1.15128229000000	0.0363767200000000	-0.134796450000000	0.0314353500000000	-0.206931830000000	-0.0427951000000000	1.50000000000000
1.15215138000000	0.0300800900000000	-0.135976970000000	0.0260388800000000	-0.209507130000000	-0.0352912000000000	1.50000000000000
1.15285595000000	0.0237130600000000	-0.136930200000000	0.0205556800000000	-0.211587560000000	-0.0277602100000000	1.50000000000000
1.15339367000000	0.0172906500000000	-0.137655390000000	0.0150041200000000	-0.213170920000000	-0.0202080200000000	1.50000000000000
1.15376273000000	0.0108279000000000	-0.138151990000000	0.00940274000000000	-0.214255500000000	-0.0126404600000000	1.50000000000000
1.15396194000000	0.00433992000000000	-0.138419650000000	0.00377015000000000	-0.214840170000000	-0.00506330000000000	1.50000000000000
1.15399061000000	-0.00215818000000000	-0.138458140000000	-0.00187495000000000	-0.214924250000000	0.00251769000000000	1.50000000000000
1.15384861000000	-0.00865125000000000	-0.138267420000000	-0.00751382000000000	-0.214507630000000	0.0100967700000000	1.50000000000000
1.15353649000000	-0.0151241600000000	-0.137847670000000	-0.0131277700000000	-0.213590830000000	0.0176682000000000	1.50000000000000
1.15305523000000	-0.0215617900000000	-0.137199180000000	-0.0186981300000000	-0.212174800000000	0.0252262000000000	1.50000000000000
1.15240646000000	-0.0279490900000000	-0.136322460000000	-0.0242063400000000	-0.210261070000000	0.0327649600000000	1.50000000000000
1.15159232000000	-0.0342710300000000	-0.135218180000000	-0.0296339800000000	-0.207851670000000	0.0402786200000000	1.50000000000000
1.15061552000000	-0.0405126600000000	-0.133887180000000	-0.0349627800000000	-0.204949150000000	0.0477612300000000	1.50000000000000
1.14947934000000	-0.0466591200000000	-0.132330490000000	-0.0401747200000000	-0.201556490000000	0.0552067600000000	1.50000000000000
1.14818756000000	-0.0526956400000000	-0.130549330000000	-0.0452519800000000	-0.197677150000000	0.0626090400000000	1.50000000000000
1.14674454000000	-0.0586075500000000	-0.128545090000000	-0.0501770600000000	-0.193314960000000	0.0699617700000000	1.50000000000000
1.14515512000000	-0.0643803400000000	-0.126319390000000	-0.0549327600000000	-0.188474140000000	0.0772584500000000	1.50000000000000
1.14342470000000	-0.0699995800000000	-0.123874000000000	-0.0595022200000000	-0.183159200000000	0.0844924000000000	1.50000000000000
1.14155914000000	-0.0754510200000000	-0.121210940000000	-0.0638689900000000	-0.177374950000000	0.0916566400000000	1.50000000000000
1.13956482000000	-0.0807205500000000	-0.118332410000000	-0.0680169800000000	-0.171126370000000	0.0987439400000000	1.50000000000000
1.13744860000000	-0.0857942000000000	-0.115240860000000	-0.0719305600000000	-0.164418630000000	0.105746700000000	1.50000000000000
1.13521778000000	-0.0906581700000000	-0.111938970000000	-0.0755945700000000	-0.157256970000000	0.112656890000000	1.50000000000000
1.13288015000000	-0.0952988200000000	-0.108429650000000	-0.0789943200000000	-0.149646640000000	0.119466040000000	1.50000000000000
1.13044390000000	-0.0997026500000000	-0.104716110000000	-0.0821156300000000	-0.141592820000000	0.126165080000000	1.50000000000000
1.12791766000000	-0.103856350000000	-0.100801810000000	-0.0849448600000000	-0.133100570000000	0.132744300000000	1.50000000000000
1.12531046000000	-0.107746710000000	-0.0966905300000000	-0.0874689500000000	-0.124174720000000	0.139193250000000	1.50000000000000
1.12263172000000	-0.111360720000000	-0.0923863900000000	-0.0896754200000000	-0.114819770000000	0.145500550000000	1.50000000000000
1.11989122000000	-0.114685440000000	-0.0878938400000000	-0.0915524200000000	-0.105039820000000	0.151653800000000	1.50000000000000
